[?25l[0m [38;2;0;0;0m                                       [0m
 [38;2;0;0;0m                                       [0m
 [38;2;0;0;0m                                       [0m
 [38;2;0;0;0m                                       [0m
 [38;2;0;0;0m                 [0m [38;2;156;152;167m▁[38;2;205;203;210m▃[38;2;243;243;243m▃[38;2;189;186;197m▃[38;2;97;91;116m▂[0m [38;2;15;10;16m               [0m
 [38;2;0;0;0m                [38;2;93;88;114m▗[38;2;135;120;160m▇[38;2;106;54;143;48;2;231;222;238m▄[38;2;99;46;137;48;2;233;227;241m▄[38;2;73;37;117;48;2;231;222;241m▃[38;2;130;121;155;48;2;239;235;244m▂[38;2;254;252;251;48;2;241;238;244m┈[38;2;229;222;237;48;2;73;65;90m▅[0m[38;2;106;91;138m▖  [0m [38;2;9;4;9m           [0m
 [38;2;0;0;0m               [38;2;104;97;125m▗[38;2;160;75;194;48;2;84;62;123m▗[38;2;137;65;170;48;2;230;203;238m▘[38;2;236;209;241;48;2;181;94;209m▘[38;2;140;47;180;48;2;202;112;225m▇[38;2;133;42;173;48;2;96;31;142m▘[38;2;74;25;120;48;2;58;24;104m▌[38;2;69;52;115;48;2;173;164;198m▅[38;2;166;147;204;48;2;241;233;246m▖[38;2;193;167;227;48;2;82;66;124m▉[0m[38;2;40;30;68m▖             [0m
 [38;2;0;0;0m              [0m [38;2;190;175;221;48;2;78;67;113m┃[38;2;161;60;197;48;2;84;26;130m▝[38;2;124;42;168;48;2;198;131;219m▇[38;2;87;28;134;48;2;128;40;172m▅[38;2;79;26;127;48;2;103;34;150m▆[38;2;123;82;157;48;2;90;45;132m╷[38;2;222;209;230;48;2;117;79;154m▃[38;2;78;58;148;48;2;49;27;108m▂[38;2;64;55;109;48;2;146;129;193m▎[38;2;228;219;238;48;2;146;122;193m▆[0m[7m[38;2;132;114;170m▝[0m[38;2;8;4;25m▏            [0m
 [38;2;0;0;0m               [7m[38;2;61;53;93m▉[0m[38;2;49;23;95;48;2;63;46;110m┊[38;2;50;26;108;48;2;71;26;121m▆[38;2;49;23;103;48;2;64;24;113m▅[38;2;48;35;120;48;2;51;23;103m▁[38;2;53;49;146;48;2;51;26;106m▂[38;2;172;145;202;48;2;66;71;164m▘[38;2;112;103;152;48;2;49;55;143m▗[38;2;105;88;162;48;2;156;141;195m▊[38;2;126;102;192;48;2;189;171;222m▄[38;2;121;98;188;48;2;81;65;137m╴[0m[38;2;8;4;27m▏            [0m
 [38;2;0;0;0m        [38;2;98;90;112m▁[38;2;109;106;125m▁   [0m [38;2;177;174;183m▃[38;2;229;226;235m▅[38;2;93;74;143;48;2;153;130;189m┡[38;2;143;130;179;48;2;55;50;112m▆[38;2;166;155;191;48;2;48;51;137m▄[38;2;196;183;219;48;2;47;70;156m▄[38;2;187;168;218;48;2;49;82;167m▄[38;2;165;147;199;48;2;59;77;142m▅[38;2;51;37;113;48;2;165;145;206m▂[38;2;44;36;107;48;2;135;110;199m▄[38;2;119;96;193;48;2;61;50;122m▅[38;2;203;184;231;48;2;138;128;169m▇[38;2;163;140;211;48;2;77;71;92m▆[0m [38;2;15;10;28m           [0m
 [38;2;0;0;0m    [0m [38;2;9;4;9m [0m [38;2;132;119;160m▄[7m[38;2;144;131;173m▘[0m[38;2;104;84;159;48;2;202;187;225m╸[0m[38;2;196;185;216m▅[38;2;143;122;175m▆[38;2;246;245;247;48;2;68;65;78m▆[38;2;234;227;239;48;2;120;114;141m▇[38;2;208;185;238;48;2;245;241;248m▂[38;2;111;94;161;48;2;192;178;219m┏[38;2;142;119;186;48;2;200;187;223m▏[38;2;174;157;209;48;2;228;218;240m╾[38;2;214;203;230;48;2;132;111;185m▆[38;2;202;187;227;48;2;90;76;136m▆[38;2;224;214;239;48;2;93;76;146m▅[38;2;216;192;240;48;2;135;105;190m╸[38;2;239;235;244;48;2;120;93;180m▅[38;2;247;244;249;48;2;108;93;157m▆[38;2;223;210;233;48;2;110;91;162m▖[38;2;117;94;195;48;2;151;131;205m┣[38;2;96;75;180;48;2;42;32;75m▊[0m [38;2;9;5;23m           [0m
 [38;2;0;0;0m    [0m [38;2;9;4;9m [0m [7m[38;2;111;98;144m▃[0m[38;2;83;70;126;48;2;166;152;198m▖[38;2;118;99;177;48;2;203;185;229m▁[38;2;99;82;162;48;2;218;203;240m▃[38;2;203;167;241;48;2;97;71;157m╹[38;2;125;105;173;48;2;215;193;243m▏[38;2;143;116;206;48;2;216;191;243m▃[38;2;51;39;106;48;2;142;116;205m▃[38;2;93;79;142;48;2;176;164;206m▘[38;2;114;91;199;48;2;190;173;227m┻[38;2;138;112;209;48;2;217;213;231m▌[38;2;148;128;208;48;2;221;208;235m╺[38;2;214;201;234;48;2;124;103;194m▌[38;2;105;84;169;48;2;214;193;240m▌[38;2;108;79;168;48;2;184;170;218m▊[38;2;213;187;245;48;2;244;237;249m▖[38;2;216;189;235;48;2;251;249;251m▝[38;2;234;221;243;48;2;205;167;229m▆[38;2;203;179;232;48;2;85;70;146m▖[0m[38;2;69;55;130m▋            [0m
 [38;2;0;0;0m        [0m [7m[38;2;10;2;46m▇[0m [7m[38;2;50;39;106m▆[38;2;89;71;141m▆[0m [38;2;24;18;47;48;2;108;95;151m▌[38;2;170;149;207;48;2;107;88;167m▚[38;2;214;195;235;48;2;124;105;180m▂[38;2;124;105;180;48;2;232;224;242m▆[38;2;90;70;158;48;2;189;171;224m▄[38;2;156;139;197;48;2;96;77;156m┒[38;2;135;112;189;48;2;204;181;237m▁[38;2;163;132;223;48;2;82;64;156m▌[38;2;186;159;226;48;2;65;53;124m▝[38;2;183;155;220;48;2;224;210;239m╸[38;2;253;253;253;48;2;248;244;250m┈[38;2;223;205;241;48;2;114;92;163m▉[0m[38;2;92;76;137m▖            [0m
 [38;2;0;0;0m           [0m [38;2;185;183;191m▄[38;2;231;229;235;48;2;57;50;73m▆[38;2;245;242;250;48;2;234;226;242m╴[38;2;248;244;247;48;2;234;225;242m┈[38;2;239;236;243;48;2;157;142;194m▆[38;2;180;165;210;48;2;217;209;233m╵[38;2;133;109;179;48;2;202;183;230m╾[38;2;203;178;238;48;2;132;114;184m▁[38;2;198;181;224;48;2;123;107;173m╾[38;2;160;137;218;48;2;71;57;134m▁[38;2;52;41;122;48;2;133;117;176m▉[38;2;156;128;196;48;2;239;233;245m▅[38;2;92;67;148;48;2;210;192;227m▁[38;2;139;105;192;48;2;196;169;228m┒[0m[38;2;99;81;146m▌            [0m
 [38;2;0;0;0m          [38;2;164;157;179m▗[38;2;61;48;88;48;2;228;220;237m▘[38;2;159;117;206;48;2;229;217;240m▗[38;2;182;151;221;48;2;246;243;248m▁[38;2;206;178;242;48;2;240;229;248m▃[38;2;74;58;145;48;2;165;137;219m▗[38;2;123;101;181;48;2;210;198;230m╸[38;2;249;247;250;48;2;208;189;233m▆[38;2;253;253;252;48;2;245;235;251m▇[38;2;234;219;247;48;2;196;165;236m▊[38;2;146;116;210;48;2;60;48;125m▌[38;2;48;39;116;48;2;80;65;156m▎[38;2;198;191;214;48;2;101;88;152m┏[38;2;102;92;136;48;2;238;235;243m▖[38;2;252;253;251;48;2;233;225;242m╴[38;2;154;126;202;48;2;17;6;65m▉[0m[38;2;5;0;35m▏            [0m
 [38;2;0;0;0m         [7m[38;2;50;44;67m▉[0m[38;2;109;101;131;48;2;226;218;239m▎[38;2;225;204;245;48;2;249;247;251m▂[38;2;129;102;186;48;2;199;178;230m┎[38;2;79;62;151;48;2;135;104;198m▗[38;2;37;28;67;48;2;152;123;212m▃[38;2;69;56;123;48;2;163;147;198m▌[38;2;113;72;173;48;2;231;216;243m╴[38;2;177;148;215;48;2;246;243;248m▂[38;2;226;204;246;48;2;248;244;250m▗[38;2;200;170;236;48;2;179;151;223m╴[0m[38;2;112;92;163m▘[7m[38;2;61;49;130m▆[0m[38;2;51;45;69m╶[38;2;84;69;135;48;2;166;153;195m▂[38;2;82;67;138;48;2;170;150;210m▂[0m[7m[38;2;89;74;129m▗[0m [38;2;9;4;9m            [0m
 [38;2;0;0;0m         [7m[38;2;97;87;125m▋[0m[38;2;250;246;249;48;2;233;227;242m╴[38;2;227;210;244;48;2;142;114;196m▇[38;2;185;154;232;48;2;156;129;212m▇[0m[38;2;116;95;176m▍[7m[38;2;84;75;114m▋[0m[38;2;253;251;252;48;2;234;229;240m┈[38;2;235;216;247;48;2;251;249;252m▁[38;2;225;206;245;48;2;131;105;189m▌[38;2;89;69;151;48;2;170;139;220m▄[0m[38;2;117;96;167m▘   [0m [7m[38;2;16;10;38m▇[0m[38;2;9;4;10m      [0m  [38;2;9;4;9m      [0m
 [38;2;0;0;0m       [0m [38;2;196;191;208m▅[38;2;226;224;233;48;2;60;50;84m▆[38;2;115;98;169;48;2;182;163;219m╾[38;2;104;83;177;48;2;156;132;212m▃[0m[7m[38;2;94;76;152m▗[0m [7m[38;2;191;183;203m▍[0m[38;2;243;238;246;48;2;198;175;228m▅[38;2;233;216;247;48;2;184;158;223m▄[38;2;170;142;222;48;2;132;108;195m▉[0m[38;2;65;51;114m▍       [0m  [38;2;60;54;95m           [0m
 [38;2;0;0;0m       [38;2;46;32;96m▝[7m[38;2;94;68;157m▂[0m[38;2;69;48;143;48;2;169;142;211m▄[38;2;104;81;179;48;2;209;183;242m▄[38;2;129;104;191;48;2;48;38;94m▉[0m[38;2;36;28;67m▏[0m [38;2;85;70;134;48;2;183;165;215m▍[38;2;122;98;175;48;2;210;194;234m╴[38;2;111;88;177;48;2;200;171;238m▂[0m[7m[38;2;117;95;165m▗[0m [38;2;9;4;9m                    [0m
 [38;2;0;0;0m         [7m[38;2;29;23;71m▇[38;2;41;32;101m▅[0m[38;2;37;27;80m▘[38;2;119;104;160m▗[38;2;240;238;242;48;2;119;112;138m▆[38;2;249;246;251;48;2;170;153;209m▇[38;2;196;169;235;48;2;128;104;186m▅[38;2;20;14;43;48;2;95;76;160m▗[0m [38;2;9;4;9m   [0m [38;2;9;4;9m                 [0m
 [38;2;0;0;0m            [38;2;98;64;166m▝[38;2;15;9;38;48;2;125;96;184m▂[38;2;81;58;151;48;2;210;192;235m▅[38;2;30;22;71;48;2;130;107;192m▃[0m[38;2;41;32;82m▘  [0m [38;2;9;4;9m                   [0m
 [38;2;0;0;0m             [0m   [38;2;9;4;9m                       [0m
 [38;2;0;0;0m                                       [0m
 [38;2;0;0;0m                                       [0m
[?25h